91.695297241211 -53.604988098145 -63.298698425293 43.633728027344 18.452728271484
91.671043395996 -53.604988098145 -63.291988372803 43.633728027344 18.452728271484
91.658157348633 -53.604988098145 -63.288421630859 43.633728027344 18.452728271484
91.634925842285 -53.604988098145 -63.28199005127 43.633728027344 18.452728271484
91.573677062988 -53.604988098145 -63.265041351318 43.633728027344 18.452728271484
91.539993286133 -53.604988098145 -63.255718231201 43.633728027344 18.452728271484
91.500099182129 -53.604988098145 -63.244609832764 43.496688842773 18.452728271484
91.408279418945 -53.604988098145 -63.21883392334 43.143371582031 18.5234375
91.357276916504 -53.604988098145 -63.204524993896 42.648651123047 18.664825439453
91.304122924805 -53.604988098145 -63.189323425293 42.09065246582 18.876937866211
91.185607910156 -53.604988098145 -63.154857635498 41.108963012695 19.230438232422
91.119598388672 -53.604988098145 -63.135692596436 40.197967529297 19.725341796875
91.053672790527 -53.604988098145 -63.115913391113 39.367965698242 19.866744995117
90.909507751465 -53.604988098145 -63.071598052979 38.331085205078 19.866744995117
90.8291015625 -53.604988098145 -63.046932220459 37.294219970703 19.866744995117
90.750984191895 -53.604988098145 -63.021865844727 36.129089355469 19.866744995117
90.582504272461 -53.604988098145 -62.9660987854 34.761581420898 19.866744995117
90.488426208496 -53.604988098145 -62.935035705566 33.394073486328 19.866744995117
90.398872375488 -53.604988098145 -62.903785705566 31.901153564453 19.866744995117
90.207725524902 -53.604988098145 -62.834606170654 30.21028137207 19.866744995117
90.100898742676 -53.604988098145 -62.796054840088 28.51936340332 19.866744995117
89.999977111816 -53.604988098145 -62.757034301758 26.842834472656 19.866744995117
89.783790588379 -53.604988098145 -62.669418334961 25.188903808594 19.866744995117
89.663009643555 -53.604988098145 -62.620651245117 23.53498840332 19.866744995117
89.549263000488 -53.604988098145 -62.571125030518 21.895111083984 19.866744995117
89.307922363281 -53.604988098145 -62.461277008057 20.277374267578 19.866744995117
89.172973632812 -53.604988098145 -62.400077819824 18.65966796875 19.866744995117
89.047706604004 -53.604988098145 -62.339057922363 17.055648803711 19.866744995117
88.783882141113 -53.604988098145 -62.205051422119 15.685424804688 19.796035766602
88.636268615723 -53.604988098145 -62.130332946777 14.668685913086 19.725326538086
88.500709533691 -53.604988098145 -62.056827545166 13.877487182617 19.654632568359
88.209121704102 -53.604988098145 -61.892211914062 13.531646728516 19.583923339844
88.053413391113 -53.604988098145 -61.804412841797 13.549621582031 19.583908081055
87.903755187988 -53.604988098145 -61.714256286621 13.57177734375 19.513214111328
87.596969604492 -53.604988098145 -61.522724151611 14.249618530273 19.442504882812
87.431373596191 -53.604988098145 -61.419555664062 15.42236328125 19.513214111328
87.276809692383 -53.604988098145 -61.317028045654 16.892059326172 19.654602050781
86.958450317383 -53.604988098145 -61.098472595215 18.734237670898 19.442504882812
86.786666870117 -53.604988098145 -60.980770111084 20.435012817383 19.442504882812
86.626014709473 -53.604988098145 -60.863880157471 22.149597167969 19.583892822266
86.296363830566 -53.604988098145 -60.615901947021 23.317199707031 20.008102416992
86.118438720703 -53.604988098145 -60.482318878174 23.565643310547 20.43229675293
85.953117370605 -53.604988098145 -60.350715637207 22.696472167969 20.573699951172
85.615020751953 -53.604988098145 -60.072692871094 21.421234130859 20.644409179688
85.432510375977 -53.604988098145 -59.922885894775 20.004608154297 20.644409179688
85.264190673828 -53.604988098145 -59.777454376221 18.751998901367 20.644409179688
84.921813964844 -53.604988098145 -59.474231719971 17.719665527344 20.644409179688
84.736923217773 -53.604988098145 -59.310726165771 16.687316894531 20.644393920898
84.567489624023 -53.604988098145 -59.154262542725 15.8154296875 20.644409179688
84.22322845459 -53.604988098145 -58.828720092773 15.158996582031 20.644409179688
84.037307739258 -53.604988098145 -58.653156280518 14.502532958984 20.644393920898
83.913284301758 -53.604988098145 -58.484638214111 13.852233886719 20.644393920898
83.783767700195 -53.604988098145 -58.131767272949 13.210144042969 20.644409179688
83.709899902344 -53.604988098145 -57.941535949707 12.568054199219 20.644409179688
83.706047058105 -53.604988098145 -57.758213043213 11.931976318359 20.644409179688
83.702201843262 -53.604988098145 -57.375442504883 11.303924560547 20.644409179688
83.699996948242 -53.604988098145 -57.169055938721 10.675872802734 20.644409179688
83.699996948242 -53.604988098145 -56.97110748291 10.0537109375 20.644409179688
83.699996948242 -53.604988098145 -56.558799743652 9.4393920898438 20.644393920898
83.699996948242 -53.604988098145 -56.336460113525 8.8251037597656 20.644409179688
83.699996948242 -53.604988098145 -56.12389755249 8.2165679931641 20.644393920898
83.699996948242 -53.604988098145 -55.681610107422 7.61572265625 20.644409179688
83.699996948242 -53.604988098145 -55.443088531494 7.014892578125 20.644393920898
83.699996948242 -53.604988098145 -55.216960906982 6.2688140869141 20.644409179688
83.699996948242 -53.604988098145 -54.750820159912 5.3277893066406 20.644409179688
83.699996948242 -53.604988098145 -54.499294281006 4.3867645263672 20.644409179688
83.699996948242 -53.604988098145 -54.263198852539 3.3037414550781 20.644393920898
83.699996948242 -53.604988098145 -53.776931762695 2.0299987792969 20.644409179688
83.699996948242 -53.604988098145 -53.514533996582 0.75625610351562 20.644409179688
83.700050354004 -53.604988098145 -53.267467498779 -0.50556945800781 20.644409179688
83.700309753418 -53.604988098145 -52.756031036377 -1.7514495849609 20.644409179688
83.70044708252 -53.604988098145 -52.480129241943 -2.9973297119141 20.644409179688
83.701042175293 -53.604988098145 -52.219360351562 -4.2315673828125 20.644409179688
83.703300476074 -53.604988098145 -51.6803855896 -5.4501953125 20.644409179688
83.704483032227 -53.604988098145 -51.38960647583 -6.5980834960938 20.644409179688
83.706817626953 -53.604988098145 -51.115505218506 -7.5225219726562 20.573699951172
83.713455200195 -53.604988098145 -50.549800872803 -8.5023498535156 20.43229675293
83.716979980469 -53.604988098145 -50.244575500488 -9.482177734375 20.361602783203
83.722183227539 -53.604988098145 -49.957580566406 -10.59228515625 20.290893554688
83.735466003418 -53.604988098145 -49.366069793701 -11.687469482422 20.290893554688
83.742553710938 -53.604988098145 -49.046897888184 -12.853317260742 20.290893554688
83.751708984375 -53.604988098145 -48.747501373291 -14.00830078125 20.290893554688
83.773780822754 -53.604988098145 -48.131233215332 -15.148666381836 20.290893554688
83.785583496094 -53.604988098145 -47.798671722412 -16.289031982422 20.290893554688
83.799713134766 -53.604988098145 -47.487422943115 -17.418762207031 20.220184326172
83.832565307617 -53.604988098145 -46.847534179688 -18.534149169922 20.220184326172
83.85018157959 -53.604988098145 -46.502201080322 -19.649536132812 20.220184326172
83.870223999023 -53.604988098145 -46.179683685303 -20.75456237793 20.220184326172
83.915756225586 -53.604988098145 -45.517398834229 -21.845581054688 20.220184326172
83.940200805664 -53.604988098145 -45.159957885742 -22.936599731445 20.220184326172
83.967124938965 -53.604988098145 -44.826637268066 -24.017425537109 20.220184326172
84.027442932129 -53.604988098145 -44.142475128174 -25.084564208984 20.220184326172
84.059837341309 -53.604988098145 -43.773212432861 -26.151718139648 20.220184326172
84.094589233398 -53.604988098145 -43.429489135742 -27.208877563477 20.220184326172
84.171142578125 -53.604988098145 -42.725185394287 -28.252639770508 20.220184326172
84.212295532227 -53.604988098145 -42.345012664795 -29.296417236328 20.220184326172
84.255424499512 -53.604988098145 -41.99201965332 -30.330459594727 20.220184326172
84.349510192871 -53.604988098145 -41.269428253174 -31.351409912109 20.220184326172
84.400115966797 -53.604988098145 -40.879364013672 -32.372360229492 20.220184326172
84.45231628418 -53.604988098145 -40.517807006836 -33.383804321289 20.220184326172
84.565284729004 -53.604988098145 -39.778385162354 -34.382415771484 20.220184326172
84.626075744629 -53.604988098145 -39.379215240479 -35.381057739258 20.220184326172
84.68798828125 -53.604988098145 -39.009826660156 -36.370330810547 20.220184326172
84.821090698242 -53.604988098145 -38.255069732666 -37.347106933594 20.220184326172
84.89274597168 -53.604988098145 -37.847599029541 -38.323883056641 20.220184326172
84.964141845703 -53.604988098145 -37.4719581604 -39.140716552734 20.220184326172
85.114784240723 -53.604988098145 -36.707305908203 -39.742813110352 20.220184326172
85.195960998535 -53.604988098145 -36.294395446777 -40.344909667969 20.220184326172
85.275177001953 -53.604988098145 -35.915267944336 -40.790557861328 20.220184326172
85.44165802002 -53.604988098145 -35.143669128418 -41.026184082031 20.220184326172
85.531394958496 -53.604988098145 -34.72700881958 -41.261795043945 20.220184326172
85.618339538574 -53.604988098145 -34.344532012939 -41.34440612793 20.220184326172
85.800315856934 -53.604988098145 -33.566150665283 -41.221588134766 20.220184326172
85.898422241211 -53.604988098145 -33.14582824707 -41.098754882812 20.220184326172
85.992797851562 -53.604988098145 -32.759963989258 -40.826248168945 20.220184326172
86.189498901367 -53.604988098145 -31.974607467651 -40.352783203125 20.220184326172
86.295570373535 -53.604988098145 -31.550518035889 -39.879318237305 20.220184326172
86.396842956543 -53.604988098145 -31.161073684692 -39.259460449219 20.220184326172
86.607063293457 -53.604988098145 -30.368228912354 -38.443054199219 20.220184326172
86.720443725586 -53.604988098145 -29.940101623535 -37.626663208008 20.220184326172
86.827987670898 -53.604988098145 -29.546588897705 -36.667053222656 20.220184326172
87.050506591797 -53.604988098145 -28.744762420654 -35.515197753906 20.220184326172
87.170547485352 -53.604988098145 -28.311809539795 -34.363357543945 20.220184326172
87.283546447754 -53.604988098145 -27.913551330566 -33.071472167969 20.220184326172
87.51602935791 -53.604988098145 -27.102170944214 -31.591506958008 20.220184326172
87.641487121582 -53.604988098145 -26.664052963257 -30.111541748047 20.220184326172
87.758483886719 -53.604988098145 -26.260984420776 -28.494583129883 20.220184326172
87.998039245605 -53.604988098145 -25.439491271973 -26.693710327148 20.220184326172
88.12735748291 -53.604988098145 -24.995923995972 -24.892822265625 20.220184326172
88.246887207031 -53.604988098145 -24.58758354187 -22.957977294922 20.220184326172
88.490386962891 -53.604988098145 -23.755086898804 -20.843200683594 20.220184326172
88.621871948242 -53.604988098145 -23.305587768555 -18.728393554688 20.220184326172
88.742492675781 -53.604988098145 -22.890480041504 -16.633331298828 20.220184326172
88.987480163574 -53.604988098145 -22.041072845459 -14.564834594727 20.220184326172
89.11979675293 -53.604988098145 -21.582542419434 -12.496307373047 20.220184326172
89.240249633789 -53.604988098145 -21.157573699951 -10.44709777832 20.220184326172
89.483390808105 -53.604988098145 -20.288166046143 -8.423828125 20.220184326172
89.614753723145 -53.604988098145 -19.818830490112 -6.4005737304688 20.220184326172
89.727546691895 -53.607639312744 -19.404813766479 -4.5413818359375 20.220184326172
89.93913269043 -53.620071411133 -18.612909317017 -2.9025268554688 20.220184326172
90.053970336914 -53.626560211182 -18.183658599854 -1.263671875 20.220184326172
90.150016784668 -53.638664245605 -17.816282272339 0.37521362304688 20.220184326172
90.344856262207 -53.670127868652 -17.071020126343 2.0140380859375 20.220184326172
90.450096130371 -53.686897277832 -16.668502807617 3.6529083251953 20.220184326172
90.546142578125 -53.708263397217 -16.301126480103 5.2917785644531 20.220184326172
90.740982055664 -53.758377075195 -15.555863380432 6.9306335449219 20.220184326172
90.846221923828 -53.785228729248 -15.153345108032 8.5694885253906 20.220184326172
90.942268371582 -53.815670013428 -14.785970687866 10.208358764648 20.220184326172
91.137107849121 -53.884063720703 -14.040707588196 11.847229003906 20.220184326172
91.242347717285 -53.920791625977 -13.638189315796 13.486083984375 20.220184326172
91.338394165039 -53.960132598877 -13.27081489563 15.124938964844 20.220184326172
91.533233642578 -54.046440124512 -12.525551795959 16.763809204102 20.220184326172
91.638473510742 -54.092845916748 -12.12303352356 18.402679443359 20.220184326172
91.734519958496 -54.1409034729 -11.755659103394 20.041534423828 20.220184326172
91.929359436035 -54.244770050049 -11.010396003723 21.680404663086 20.220184326172
92.034599304199 -54.300659179688 -10.607877731323 23.319259643555 20.220184326172
92.130645751953 -54.357261657715 -10.240503311157 24.958114624023 20.220184326172
92.325485229492 -54.478321075439 -9.4952402114868 26.596954345703 20.220184326172
92.430725097656 -54.543510437012 -9.0927219390869 28.235809326172 20.220184326172
92.52677154541 -54.608486175537 -8.7253475189209 29.874664306641 20.220184326172
92.721611022949 -54.746406555176 -7.9800839424133 31.513519287109 20.220184326172
92.826850891113 -54.820705413818 -7.5775661468506 33.152389526367 20.220184326172
92.916053771973 -54.893886566162 -7.2101907730103 34.791259765625 20.220184326172
93.078826904297 -55.04833984375 -6.4649276733398 36.430114746094 20.220184326172
93.167327880859 -55.131565093994 -6.0624098777771 38.068954467773 20.220184326172
93.218887329102 -55.210643768311 -5.6950349807739 39.707778930664 20.220184326172
93.270446777344 -55.371238708496 -4.9497718811035 41.346633911133 20.220184326172
93.300003051758 -55.457973480225 -4.5472536087036 42.985504150391 20.220184326172
93.296279907227 -55.515106201172 -4.1962447166443 44.491424560547 20.220184326172
93.278816223145 -55.572242736816 -3.5276634693146 45.818878173828 20.220184326172
93.269706726074 -55.604988098145 -3.1651647090912 47.146331787109 20.220184326172
93.25316619873 -55.604988098145 -2.8698987960815 48.366134643555 20.220184326172
93.211151123047 -55.604988098145 -2.3067083358765 49.44140625 20.220184326172
93.18872833252 -55.604988098145 -2.0013782978058 50.516632080078 20.220184326172
93.165748596191 -55.607639312744 -1.7855526208878 51.298126220703 20.220184326172
93.123870849609 -55.620071411133 -1.4663419723511 51.68522644043 20.220184326172
93.101104736328 -55.626560211182 -1.2901246547699 52.072311401367 20.220184326172
93.082748413086 -55.638664245605 -1.1896157264709 52.459381103516 20.220184326172
93.04549407959 -55.670127868652 -0.98572170734406 52.846496582031 20.220184326172
93.025375366211 -55.686897277832 -0.87559819221497 53.233581542969 20.220184326172
93.007019042969 -55.708263397217 -0.77508938312531 53.620666503906 20.220184326172
92.969764709473 -55.758377075195 -0.57119530439377 54.007766723633 20.220184326172
92.949645996094 -55.785228729248 -0.461071819067 54.39485168457 20.220184326172
92.931289672852 -55.815670013428 -0.36056292057037 54.781936645508 20.220184326172
92.894035339355 -55.884063720703 -0.15666890144348 55.169036865234 20.220184326172
92.873916625977 -55.920791625977 -0.046545393764973 55.556106567383 20.220184326172
92.855560302734 -55.960132598877 0.053963467478752 55.94319152832 20.220184326172
92.818305969238 -56.046440124512 0.25785750150681 56.330276489258 20.220184326172
92.798187255859 -56.092845916748 0.36798098683357 56.717361450195 20.220184326172
92.779373168945 -56.142093658447 0.47100794315338 57.104446411133 20.220184326172
92.741325378418 -56.248302459717 0.67925083637238 57.502136230469 20.220184326172
92.721519470215 -56.303455352783 0.78769332170486 57.889221191406 20.220184326172
92.702949523926 -56.356834411621 0.88931149244308 58.276306152344 20.220184326172
92.665473937988 -56.461090087891 1.0944645404816 58.663391113281 20.220184326172
92.645790100098 -56.515918731689 1.2022198438644 59.050491333008 20.220184326172
92.623611450195 -56.55090713501 1.3004987239838 59.404190063477 20.220184326172
92.57022857666 -56.585891723633 1.4909474849701 59.717727661133 20.220184326172
92.542358398438 -56.604988098145 1.5911401510239 60.031265258789 20.220184326172
92.508773803711 -56.604988098145 1.6788367033005 60.317749023438 20.220184326172
92.43391418457 -56.604988098145 1.8492854833603 60.571716308594 20.220184326172
92.394729614258 -56.604988098145 1.9389457702637 60.82568359375 20.220184326172
92.351806640625 -56.604988098145 2.0178740024567 61.057754516602 20.220184326172
92.25936126709 -56.604988098145 2.1717536449432 61.263473510742 20.220184326172
92.210922241211 -56.604988098145 2.2526881694794 61.469207763672 20.220184326172
92.160346984863 -56.607864379883 2.3243539333344 61.657165527344 20.220184326172
92.053512573242 -56.620536804199 2.4645113945007 59.490692138672 19.795989990234
91.997497558594 -56.627048492432 2.5382196903229 56.970733642578 19.513198852539
91.942283630371 -56.639476776123 2.6054434776306 54.450775146484 19.371795654297
91.830810546875 -56.671295166016 2.7411589622498 52.567123413086 19.442504882812
91.772262573242 -56.687870025635 2.812442779541 51.6025390625 19.583908081055
91.71704864502 -56.709659576416 2.8796665668488 51.27424621582 19.583908081055
91.605575561523 -56.760238647461 3.0153820514679 51.370147705078 19.583892822266
91.547027587891 -56.786670684814 3.0866658687592 51.536804199219 19.583892822266
91.491813659668 -56.81763458252 3.1538896560669 51.703430175781 19.583892822266
91.380340576172 -56.886604309082 3.289605140686 51.870056152344 19.583892822266
91.321792602539 -56.922695159912 3.3608889579773 52.036712646484 19.583908081055
91.265991210938 -56.963066101074 3.4288268089294 52.203338623047 19.583892822266
91.153503417969 -57.05090713501 3.5657796859741 52.371932983398 19.583892822266
91.095359802246 -57.096199035645 3.6365685462952 52.53857421875 19.583892822266
91.039878845215 -57.145282745361 3.7041208744049 52.705184936523 19.583892822266
90.928115844727 -57.250263214111 3.8401937484741 52.871826171875 19.583892822266
90.870124816895 -57.304641723633 3.9107918739319 53.038452148438 19.583892822266
90.814643859863 -57.358242034912 3.9783442020416 53.205108642578 19.583892822266
90.702880859375 -57.462734222412 4.1144170761108 53.371734619141 19.583908081055
90.644889831543 -57.517002105713 4.1850152015686 53.538314819336 19.583908081055
90.585472106934 -57.551723480225 4.2539691925049 53.538650512695 19.583892822266
90.45679473877 -57.586444854736 4.3960599899292 53.348327636719 19.583892822266
90.390167236328 -57.604988098145 4.4697322845459 53.158004760742 19.583892822266
90.316886901855 -57.604988098145 4.5437698364258 52.969604492188 19.583892822266
90.157844543457 -57.604988098145 4.6973142623901 52.783432006836 19.583892822266
90.075500488281 -57.604988098145 4.7769107818604 52.597274780273 19.583892822266
89.98607635498 -57.604988098145 4.8572382926941 52.413024902344 19.583892822266
89.794815063477 -57.604988098145 5.0234751701355 52.23095703125 19.583892822266
89.695755004883 -57.604988098145 5.1096563339233 52.048889160156 19.583908081055
89.590614318848 -57.604988098145 5.1963043212891 51.868682861328 19.583892822266
89.36799621582 -57.604988098145 5.3752903938293 51.690612792969 19.583892822266
89.252662658691 -57.604988098145 5.4680862426758 51.51252746582 19.583908081055
89.132232666016 -57.604988098145 5.5610795021057 51.336212158203 19.583908081055
88.879096984863 -57.604988098145 5.7528619766235 51.162017822266 19.583892822266
88.747924804688 -57.604988098145 5.8522968292236 50.987808227539 19.583908081055
88.612419128418 -57.604988098145 5.9517459869385 50.815383911133 19.583908081055
88.328788757324 -57.604988098145 6.1567506790161 50.644989013672 19.583892822266
88.181793212891 -57.604988098145 6.263041973114 50.474594116211 19.583892822266
88.031394958496 -57.604988098145 6.3690729141235 50.305953979492 19.583892822266
87.718460083008 -57.604988098145 6.5871343612671 50.139282226562 19.583892822266
87.556259155273 -57.604988098145 6.7002034187317 49.972625732422 19.583892822266
87.391777038574 -57.604988098145 6.8126201629639 49.807632446289 19.583892822266
87.050758361816 -57.604988098145 7.0435514450073 49.644622802734 19.583908081055
86.873977661133 -57.604988098145 7.1632966995239 49.481597900391 19.583892822266
86.695793151855 -57.604988098145 7.2821073532104 49.320220947266 19.583892822266
86.327453613281 -57.604988098145 7.5259194374084 49.160766601562 19.583908081055
86.136489868164 -57.604988098145 7.6523485183716 49.001327514648 19.583892822266
85.946166992188 -57.604988098145 7.7770276069641 48.67887878418 19.583892822266
85.55632019043 -57.604988098145 8.0314617156982 48.169616699219 19.583892822266
85.354148864746 -57.604988098145 8.1634197235107 47.660369873047 19.583892822266
85.154754638672 -57.604988098145 8.2929334640503 46.991668701172 19.583892822266
84.747016906738 -57.604988098145 8.557448387146 46.140243530273 19.583892822266
84.535568237305 -57.604988098145 8.6946306228638 45.288818359375 19.583908081055
84.357360839844 -57.604988098145 8.8295240402222 44.281448364258 19.583892822266
84.060363769531 -57.604988098145 9.1053485870361 43.095321655273 19.583892822266
83.905342102051 -57.604988098145 9.2483930587769 41.909240722656 19.583892822266
83.824310302734 -57.604988098145 9.3901271820068 40.735214233398 19.583892822266
83.743278503418 -57.604988098145 9.6819934844971 39.575057983398 19.583908081055
83.699996948242 -57.604988098145 9.8333263397217 38.414916992188 19.583908081055
83.699996948242 -57.604988098145 9.9843416213989 37.266571044922 19.583908081055
83.699996948242 -57.604988098145 10.295383453369 36.131805419922 19.583908081055
83.699996948242 -57.604988098145 10.456656455994 34.997039794922 19.583892822266
83.699996948242 -57.604988098145 10.617609977722 33.873809814453 19.583908081055
83.699996948242 -57.604988098145 10.949094772339 32.763885498047 19.583892822266
83.699996948242 -57.604988098145 11.120968818665 31.653930664062 19.583908081055
83.699996948242 -57.604988098145 11.292596817017 30.555267333984 19.583908081055
83.699996948242 -57.604988098145 11.646305084229 29.469604492188 19.583908081055
83.699996948242 -57.604988098145 11.829698562622 28.383941650391 19.583908081055
83.699996948242 -57.604988098145 12.0126953125 27.309326171875 19.583908081055
83.699996948242 -57.604988098145 12.389263153076 26.247421264648 19.583892822266
83.699996948242 -57.604988098145 12.584516525269 25.185516357422 19.583892822266
83.699996948242 -57.604988098145 12.778960227966 24.134399414062 19.583908081055
83.699996948242 -57.604988098145 13.178853034973 23.095733642578 19.583908081055
83.699996948242 -57.604988098145 13.386203765869 22.057037353516 19.583908081055
83.699996948242 -57.604988098145 13.592455863953 21.028961181641 19.583892822266
83.699996948242 -57.604988098145 14.016357421875 20.013000488281 19.583892822266
83.699996948242 -57.604988098145 14.236161231995 18.9970703125 19.583892822266
83.699996948242 -57.604988098145 14.454518318176 17.991439819336 19.583908081055
83.699996948242 -57.604988098145 14.902979850769 16.997741699219 19.583908081055
83.699996948242 -57.604988098145 15.135523796082 16.004028320312 19.583892822266
83.699996948242 -57.604988098145 15.366218566895 15.020416259766 19.583892822266
83.699996948242 -57.604988098145 15.839664459229 14.048431396484 19.583908081055
83.699996948242 -57.604988098145 16.08517074585 13.076431274414 19.583892822266
83.699996948242 -57.604988098145 16.328374862671 12.114364624023 19.583908081055
83.699996948242 -57.604988098145 16.827116012573 11.163665771484 19.583908081055
83.699996948242 -57.604988098145 17.085741043091 10.212951660156 19.583908081055
83.699996948242 -57.604988098145 17.341571807861 9.2719116210938 19.583908081055
83.699996948242 -57.604988098145 17.865798950195 8.3420104980469 19.583908081055
83.699996948242 -57.604988098145 18.137649536133 7.4120788574219 19.583908081055
83.699996948242 -57.604988098145 18.406167984009 6.4916381835938 19.583908081055
83.699996948242 -57.604988098145 18.955972671509 5.5820770263672 19.583892822266
83.699996948242 -57.604988098145 19.241090774536 4.6725158691406 19.583908081055
83.699996948242 -57.604988098145 19.522310256958 3.7722473144531 19.583908081055
83.699996948242 -57.604988098145 20.097681045532 2.882568359375 19.583908081055
83.699996948242 -57.604988098145 20.396066665649 1.9928894042969 19.583892822266
83.699996948242 -57.604988098145 20.696348190308 1.1123046875 19.583892822266
83.699996948242 -57.604988098145 21.309234619141 0.22169494628906 19.583908081055
83.699996948242 -57.604988098145 21.616859436035 -0.64849853515625 19.583908081055
83.699996948242 -57.604988098145 21.92730140686 -1.5093688964844 19.583892822266
83.699996948242 -57.604988098145 22.558187484741 -2.3605346679688 19.583892822266
83.699996948242 -57.604988098145 22.877321243286 -3.2116851806641 19.583908081055
83.699996948242 -57.604988098145 23.200340270996 -4.0537719726562 19.583908081055
83.699996948242 -57.604988098145 23.856342315674 -4.8862915039062 19.583892822266
83.699996948242 -57.604988098145 24.188182830811 -5.7188110351562 19.583908081055
83.699996948242 -57.604988098145 24.523622512817 -6.5424194335938 19.583908081055
83.699996948242 -57.604988098145 25.204399108887 -7.3567352294922 19.583892822266
83.699996948242 -57.604988098145 25.54877281189 -8.1710815429688 19.583908081055
83.699996948242 -57.604988098145 25.896440505981 -8.9766845703125 19.583908081055
83.699996948242 -57.604988098145 26.601585388184 -9.773193359375 19.583908081055
83.699996948242 -57.604988098145 26.958288192749 -10.569702148438 19.583908081055
83.699996948242 -57.604988098145 27.317960739136 -11.357696533203 19.583892822266
83.699996948242 -57.604988098145 28.047006607056 -12.136779785156 19.583892822266
83.699996948242 -57.604988098145 28.415802001953 -12.915863037109 19.583908081055
83.700210571289 -57.604988098145 28.787227630615 -13.686599731445 19.583908081055
83.701103210449 -57.604988098145 29.539649963379 -14.448669433594 19.583908081055
83.701553344727 -57.604988098145 29.920274734497 -15.210693359375 19.583892822266
83.702682495117 -57.604988098145 30.303173065186 -15.964569091797 19.583908081055
83.705909729004 -57.604988098145 31.078399658203 -16.709945678711 19.583908081055
83.707534790039 -57.604988098145 31.470560073853 -17.455307006836 19.583908081055
83.710319519043 -57.604988098145 31.864631652832 -18.192687988281 19.583908081055
83.717346191406 -57.604988098145 32.662044525146 -18.921752929688 19.583908081055
83.720893859863 -57.604988098145 33.065425872803 -19.650802612305 19.583908081055
83.726028442383 -57.604988098145 33.470352172852 -20.3720703125 19.583908081055
83.738235473633 -57.604988098145 34.289291381836 -21.085174560547 19.583908081055
83.744400024414 -57.604988098145 34.703567504883 -21.798278808594 19.583892822266
83.752601623535 -57.604988098145 35.119220733643 -22.503753662109 19.583908081055
83.771476745605 -57.604988098145 35.959873199463 -23.201263427734 19.583908081055
83.781005859375 -57.604988098145 36.385135650635 -23.898742675781 19.583892822266
83.792953491211 -57.604988098145 36.811386108398 -24.588775634766 19.583908081055
83.81965637207 -57.604988098145 37.672580718994 -25.271026611328 19.583908081055
83.833145141602 -57.604988098145 38.108238220215 -25.953277587891 19.583908081055
83.849342346191 -57.604988098145 38.544258117676 -26.628204345703 19.583908081055
83.884963989258 -57.604988098145 39.424781799316 -27.295532226562 19.583908081055
83.902961730957 -57.604988098145 39.870220184326 -27.962875366211 19.583892822266
83.923988342285 -57.604988098145 40.315631866455 -28.623046875 19.583908081055
83.96964263916 -57.604988098145 41.214710235596 -29.275802612305 19.583908081055
83.992721557617 -57.604988098145 41.669540405273 -29.928512573242 19.583892822266
84.019371032715 -57.604988098145 42.128692626953 -30.574249267578 19.583908081055
84.07666015625 -57.604988098145 43.053970336914 -31.220169067383 19.583908081055
84.10514831543 -57.604988098145 43.514263153076 -31.858596801758 19.583892822266
84.137603759766 -57.604988098145 43.979740142822 -32.490036010742 19.583908081055
84.20662689209 -57.604988098145 44.916042327881 -33.114501953125 19.583908081055
84.241104125977 -57.604988098145 45.383647918701 -33.738967895508 19.583892822266
84.279922485352 -57.604988098145 45.857353210449 -34.356582641602 19.583908081055
84.361968994141 -57.604988098145 46.809833526611 -34.967391967773 19.583908081055
84.402954101562 -57.604988098145 47.28551864624 -35.578216552734 19.583908081055
84.449508666992 -57.604988098145 47.777053833008 -36.182312011719 19.583892822266
84.547302246094 -57.604988098145 48.76273727417 -36.793762207031 19.583908081055
84.594512939453 -57.604988098145 49.238353729248 -37.391204833984 19.583892822266
84.647483825684 -57.604988098145 49.731212615967 -38.167114257812 19.583908081055
84.756645202637 -57.604988098145 50.713417053223 -39.104797363281 19.583892822266
84.809776306152 -57.604988098145 51.191116333008 -40.04248046875 19.583908081055
84.867958068848 -57.604988098145 51.685256958008 -41.176223754883 19.583908081055
84.986145019531 -57.604988098145 52.666496276855 -42.487731933594 19.583892822266
85.043647766113 -57.604988098145 53.143695831299 -43.799240112305 19.583908081055
85.103866577148 -57.604988098145 53.63257598877 -45.095718383789 19.583892822266
85.222770690918 -57.604988098145 54.59790802002 -46.378540039062 19.583892822266
85.28059387207 -57.604988098145 55.067302703857 -47.661361694336 19.583908081055
85.339492797852 -57.604988098145 55.545490264893 -48.929473876953 19.583908081055
85.45580291748 -57.604988098145 56.489700317383 -50.184234619141 19.583892822266
85.512359619141 -57.604988098145 56.948825836182 -51.438995361328 19.583908081055
85.569969177246 -57.604988098145 57.416549682617 -52.67936706543 19.583892822266
85.683731079102 -57.604988098145 58.340099334717 -53.906669616699 19.583908081055
85.739044189453 -57.604988098145 58.789180755615 -55.13395690918 19.583892822266
85.795394897461 -57.604988098145 59.246669769287 -56.34716796875 19.583892822266
85.906677246094 -57.604988098145 60.150016784668 -57.547653198242 19.583908081055
85.960784912109 -57.604988098145 60.58927154541 -58.748107910156 19.583892822266
86.015899658203 -57.604988098145 61.036754608154 -59.934799194336 19.583892822266
86.12474822998 -57.604988098145 61.920333862305 -61.108993530273 19.583908081055
86.177665710449 -57.604988098145 62.349979400635 -62.283172607422 19.583892822266
86.231575012207 -57.604988098145 62.787670135498 -63.443908691406 19.583892822266
86.338035583496 -57.604988098145 63.651916503906 -64.592407226562 19.583892822266
86.389793395996 -57.604988098145 64.072158813477 -65.740928649902 19.583892822266
86.442535400391 -57.604988098145 64.500274658203 -66.876258850098 19.583892822266
86.547203063965 -57.604988098145 65.35001373291 -67.999649047852 19.583892822266
86.597557067871 -57.604988098145 65.758811950684 -69.131782531738 19.583892822266
86.652717590332 -57.604988098145 66.182289123535 -70.459259033203 19.583892822266
86.767013549805 -57.604988098145 67.01880645752 -71.966018676758 19.583908081055
86.822166442871 -57.604988098145 67.421905517578 -73.472747802734 19.583892822266
86.88500213623 -57.604988098145 67.839416503906 -75.171882629395 19.583892822266
87.014694213867 -57.604988098145 68.664916992188 -77.040016174316 19.583892822266
87.077270507812 -57.604988098145 69.062721252441 -78.908187866211 19.583892822266
87.148025512695 -57.604988098145 69.474761962891 -80.964477539062 19.583892822266
87.293586730957 -57.604988098145 70.288780212402 -83.186157226562 19.583892822266
87.363815307617 -57.604988098145 70.681037902832 -85.407821655273 19.583892822266
87.442695617676 -57.604988098145 71.086555480957 -87.813529968262 19.583908081055
87.604461669922 -57.604988098145 71.886871337891 -90.380912780762 19.583892822266
87.682502746582 -57.604988098145 72.272521972656 -92.948295593262 19.583892822266
87.769577026367 -57.604988098145 72.670272827148 -95.695732116699 19.583892822266
87.947570800781 -57.604988098145 73.454322814941 -98.60131072998 19.583892822266
88.033432006836 -57.604988098145 73.83211517334 -101.50691223145 19.583892822266
88.128562927246 -57.604988098145 74.220703125 -104.5885848999 19.583892822266
88.322357177734 -57.604988098145 74.98560333252 -107.82496643066 19.583892822266
88.415832519531 -57.604988098145 75.354156494141 -111.06135559082 19.583892822266
88.515228271484 -57.604988098145 75.733238220215 -114.2600402832 19.583892822266
88.711135864258 -57.604988098145 76.480407714844 -117.42562866211 19.583892822266
88.805541992188 -57.604988098145 76.840431213379 -120.59119415283 19.583892822266
88.902763366699 -57.604988098145 77.211227416992 -123.71990966797 19.583892822266
89.094390869141 -57.604988098145 77.942047119141 -126.81622314453 19.583892822266
89.186721801758 -57.604988098145 78.294189453125 -129.91255187988 19.583892822266
89.28182220459 -57.604988098145 78.656867980957 -132.97280883789 19.583892822266
89.469253540039 -57.604988098145 79.371696472168 -136.0013885498 19.583892822266
89.560035705566 -57.604988098145 79.717933654785 -139.02995300293 19.583892822266
89.653701782227 -57.604988098145 80.075164794922 -142.04640197754 19.583892822266
89.837661743164 -57.604988098145 80.776748657227 -145.00871276855 19.583892822266
89.925483703613 -57.604988098145 81.111679077148 -147.97100830078 19.583892822266
90.016792297363 -57.604988098145 81.459892272949 -150.89834594727 19.583892822266
90.196411132812 -57.604988098145 82.144927978516 -153.79583740234 19.583892822266
90.282165527344 -57.604988098145 82.471984863281 -156.69334411621 19.583892822266
90.371467590332 -57.604988098145 82.812576293945 -159.55661010742 19.583892822266
90.547164916992 -57.604988098145 83.482635498047 -162.39071655273 19.583892822266
90.631042480469 -57.604988098145 83.802536010742 -165.22480773926 19.583892822266
90.718391418457 -57.604988098145 84.135681152344 -168.02542114258 19.583892822266
90.890235900879 -57.604988098145 84.791069030762 -170.79751586914 19.583892822266
90.972282409668 -57.604988098145 85.103973388672 -173.5696105957 19.583892822266
91.059120178223 -57.604988098145 85.422416687012 -176.30895996094 19.583892822266
91.232376098633 -57.604988098145 86.036026000977 -179.02040100098 19.583892822266
91.315139770508 -57.604988098145 86.328742980957 178.26815795898 19.583892822266
91.402870178223 -57.604988098145 86.619934082031 175.58874511719 19.583892822266
91.576065063477 -57.604988098145 87.180152893066 172.93661499023 19.583892822266
91.658760070801 -57.604988098145 87.447380065918 170.28448486328 19.583892822266
91.744537353516 -57.604988098145 87.712158203125 167.66369628906 19.583892822266
91.912162780762 -57.604988098145 88.220443725586 165.06964111328 19.583892822266
91.992164611816 -57.604988098145 88.462882995605 162.47552490234 19.583892822266
92.061683654785 -57.604988098145 88.702011108398 159.91207885742 19.583892822266
92.175445556641 -57.604988098145 89.160095214844 157.3747253418 19.583892822266
92.229339599609 -57.604988098145 89.378570556641 154.83740234375 19.583892822266
92.255554199219 -57.604988098145 89.593139648438 152.33001708984 19.583892822266
92.27498626709 -57.604988098145 90.003379821777 149.84820556641 19.583892822266
92.283683776855 -57.604988098145 90.199020385742 147.36636352539 19.583892822266
92.273475646973 -57.604988098145 90.390411376953 144.91387939453 19.583892822266
92.24755859375 -57.604988098145 90.755706787109 142.486328125 19.583892822266
92.235076904297 -57.604988098145 90.929901123047 140.05880737305 19.583892822266
92.215065002441 -57.604988098145 91.099739074707 137.65997314453 19.583892822266
92.168525695801 -57.604988098145 91.423446655273 135.28558349609 19.583892822266
92.146179199219 -57.604988098145 91.57780456543 132.9111328125 19.583892822266
92.114517211914 -57.604988098145 91.727920532227 130.56478881836 19.583892822266
92.04386138916 -57.604988098145 92.013778686523 128.24230957031 19.583892822266
92.009971618652 -57.604988098145 92.150085449219 125.91979980469 19.583892822266
91.965087890625 -57.604988098145 92.282493591309 123.62481689453 19.583892822266
91.867332458496 -57.604988098145 92.534568786621 121.35314941406 19.583892822266
91.820487976074 -57.604988098145 92.654762268066 119.08148193359 19.583892822266
91.761054992676 -57.604988098145 92.771575927734 116.83666992188 19.583892822266
91.633781433105 -57.604988098145 92.994140625 114.61468505859 19.583892822266
91.572303771973 -57.604988098145 93.101066589355 112.39276123047 19.583892822266
91.492614746094 -57.604988098145 93.210426330566 110.17156982422 19.583892822266
91.324829101562 -57.604988098145 93.416648864746 107.87939453125 19.583892822266
91.25212097168 -57.604988098145 93.505233764648 105.7060546875 19.583892822266
91.15625 -57.604988098145 93.599807739258 103.56155395508 19.583892822266
90.96012878418 -57.604988098145 93.778251647949 101.43572998047 19.583892822266
90.873420715332 -57.604988098145 93.8564453125 99.309997558594 19.583892822266
90.760124206543 -57.604988098145 93.942024230957 97.21240234375 19.583892822266
90.529899597168 -57.604988098145 94.104263305664 95.133117675781 19.583892822266
90.428184509277 -57.604988098145 94.175399780273 93.053833007812 19.583892822266
90.297203063965 -57.604988098145 94.254302978516 91.002136230469 19.583892822266
90.032516479492 -57.604988098145 94.40486907959 88.968322753906 19.583892822266
89.915649414062 -57.604988098145 94.470932006836 86.9345703125 19.583892822266
89.766975402832 -57.604988098145 94.545471191406 84.927764892578 19.583892822266
89.467956542969 -57.604988098145 94.688789367676 82.9384765625 19.583892822266
89.335990905762 -57.604988098145 94.751731872559 80.949157714844 19.583892822266
89.169853210449 -57.604988098145 94.824127197266 78.986267089844 19.583892822266
88.837043762207 -57.604988098145 94.964492797852 77.040496826172 19.583892822266
88.690231323242 -57.604988098145 95.026191711426 75.0947265625 19.583892822266
88.50707244873 -57.604988098145 95.098587036133 73.174789428711 19.583908081055
88.14143371582 -57.604988098145 95.240104675293 71.271560668945 19.583908081055
87.980209350586 -57.604988098145 95.302368164062 69.368377685547 19.583892822266
87.788948059082 -57.604988098145 95.374824523926 67.490417480469 19.583892822266
87.419219970703 -57.604988098145 95.514892578125 65.628875732422 19.583908081055
87.25675201416 -57.604988098145 95.576438903809 63.767318725586 19.583892822266
87.069679260254 -57.604988098145 95.647308349609 61.930465698242 19.583892822266
86.708030700684 -57.604988098145 95.784301757812 60.109619140625 19.583892822266
86.549125671387 -57.604988098145 95.844497680664 58.288787841797 19.583892822266
86.366142272949 -57.604988098145 95.913818359375 56.492126464844 19.583892822266
86.012405395508 -57.604988098145 96.047821044922 54.711151123047 19.583908081055
85.856979370117 -57.604988098145 96.106704711914 52.930160522461 19.583908081055
85.670295715332 -57.604988098145 96.178840637207 51.172805786133 19.583908081055
85.298919677734 -57.604988098145 96.324188232422 49.430770874023 19.583892822266
85.135215759277 -57.604988098145 96.388343811035 47.688766479492 19.583892822266
84.936019897461 -57.604988098145 96.468772888184 46.184173583984 19.583892822266
84.543304443359 -57.604988098145 96.629302978516 44.833572387695 19.583908081055
84.37036895752 -57.604988098145 96.700080871582 43.482971191406 19.583908081055
84.162132263184 -57.604988098145 96.787994384766 42.364562988281 19.583908081055
83.752212524414 -57.604988098145 96.963363647461 41.39680480957 19.583908081055
83.571731567383 -57.604988098145 97.040687561035 40.429046630859 19.583892822266
83.355049133301 -57.604988098145 97.13648223877 39.688446044922 19.583908081055
82.928993225098 -57.604988098145 97.327308654785 39.095169067383 19.583908081055
82.741424560547 -57.604988098145 97.411430358887 38.501907348633 19.583908081055
82.516716003418 -57.604988098145 97.515235900879 38.130828857422 19.583908081055
82.075218200684 -57.604988098145 97.721633911133 37.903839111328 19.583908081055
81.880859375 -57.604988098145 97.812599182129 37.676879882812 19.583892822266
81.64835357666 -57.604988098145 97.924293518066 37.667205810547 19.583908081055
81.191719055176 -57.604988098145 98.145881652832 37.798492431641 19.583908081055
80.990715026855 -57.604988098145 98.243522644043 37.929809570312 19.583892822266
80.750434875488 -57.604988098145 98.362747192383 38.273635864258 19.583908081055
80.278617858887 -57.604988098145 98.598709106445 38.755386352539 19.583892822266
80.070938110352 -57.604988098145 98.702667236328 39.237106323242 19.583892822266
79.822723388672 -57.604988098145 98.828826904297 39.926727294922 19.583892822266
79.335357666016 -57.604988098145 99.077880859375 40.751220703125 19.583908081055
79.120826721191 -57.604988098145 99.187576293945 41.575729370117 19.583908081055
78.870147705078 -57.604988098145 99.316390991211 42.389266967773 19.583892822266
78.385543823242 -57.604988098145 99.565414428711 43.195709228516 19.583908081055
78.17259979248 -57.604988098145 99.674835205078 44.002166748047 19.583908081055
77.927406311035 -57.604988098145 99.797958374023 44.797912597656 19.583908081055
77.453399658203 -57.604988098145 100.03203582764 45.586715698242 19.583892822266
77.245124816895 -57.604988098145 100.13469696045 46.375518798828 19.583908081055
77.00528717041 -57.604988098145 100.20375823975 47.153869628906 19.583892822266
76.541664123535 -57.604988098145 100.27282714844 47.925399780273 19.583908081055
76.337936401367 -57.604988098145 100.30000305176 48.696975708008 19.583908081055
76.103355407715 -57.604988098145 100.30000305176 49.458282470703 19.583908081055
75.649864196777 -57.604988098145 100.30000305176 50.212936401367 19.583892822266
75.45059967041 -57.604988098145 100.30000305176 50.967590332031 19.583892822266
75.221145629883 -57.604988098145 100.30000305176 51.712249755859 19.583892822266
74.777572631836 -57.604988098145 100.30000305176 52.450408935547 19.583892822266
74.582672119141 -57.604988098145 100.30000305176 53.188552856445 19.583908081055
74.358238220215 -57.604988098145 100.30000305176 53.916931152344 19.583892822266
73.924369812012 -57.604988098145 100.30000305176 54.638916015625 19.583892822266
73.733734130859 -57.604988098145 100.30000305176 55.360931396484 19.583892822266
73.514205932617 -57.604988098145 100.30000305176 56.073348999023 19.583892822266
73.089836120605 -57.604988098145 100.30000305176 56.779571533203 19.583892822266
72.903366088867 -57.604988098145 100.30000305176 57.485794067383 19.583908081055
72.68864440918 -57.604988098145 100.30000305176 58.182632446289 19.583892822266
72.273559570312 -57.604988098145 100.30000305176 58.873382568359 19.583892822266
72.091171264648 -57.604988098145 100.30000305176 59.56413269043 19.583892822266
71.881149291992 -57.604988098145 100.30000305176 60.245727539062 19.583892822266
71.475143432617 -57.604988098145 100.30000305176 60.921371459961 19.583908081055
71.296745300293 -57.604988098145 100.30000305176 61.597015380859 19.583892822266
71.087020874023 -57.604988098145 100.30104827881 62.016250610352 19.583892822266
70.675758361816 -57.604988098145 100.30450439453 62.269149780273 19.583892822266
70.494750976562 -57.604988098145 100.30609130859 62.522064208984 19.583908081055
70.279350280762 -57.604988098145 100.30966186523 62.532424926758 19.583892822266
69.857292175293 -57.604988098145 100.31799316406 62.385437011719 19.583892822266
69.671562194824 -57.604988098145 100.32172393799 62.238418579102 19.583892822266
69.450836181641 -57.604988098145 100.32787322998 61.854202270508 19.583908081055
69.018547058105 -57.604988098145 100.34133911133 61.316040039062 19.583892822266
68.828323364258 -57.604988098145 100.34733581543 60.777877807617 19.583892822266
68.602500915527 -57.604988098145 100.35637664795 60.007705688477 19.583892822266
68.160453796387 -57.604988098145 100.37568664551 59.087005615234 19.583892822266
67.965934753418 -57.604988098145 100.38426971436 58.166259765625 19.583908081055
67.739273071289 -57.604988098145 100.39505004883 57.257720947266 19.583892822266
67.301094055176 -57.604988098145 100.41589355469 56.357162475586 19.583892822266
67.108558654785 -57.604988098145 100.42504882812 55.456558227539 19.583892822266
66.886856079102 -57.604988098145 100.43559265137 54.567932128906 19.583892822266
66.458267211914 -57.604988098145 100.45597076416 53.687057495117 19.583892822266
66.269943237305 -57.604988098145 100.46492767334 52.806167602539 19.583908081055
66.053092956543 -57.604988098145 100.47523498535 51.93701171875 19.583908081055
65.612480163574 -57.604988098145 100.49619293213 51.075378417969 19.583908081055
65.439842224121 -57.604988098145 100.50439453125 50.146423339844 19.583892822266
65.211906433105 -57.604988098145 100.51523590088 49.297760009766 19.583892822266
64.788055419922 -57.604988098145 100.53539276123 48.454971313477 19.583892822266
